            1
            2
            2
            2
            1
            0
            6
    10.00000    
    1.000000    
    10.00000    
    2600.000    
    0.000000    
    0.000000    
    0.000000    
    0.000000    
    0.000000    
            0
    0.000000    
    0.000000    
    0.000000    
            2
    0.000000    
            0
            1
            1
    10.00000    
            2
           30
   0.5000000    
            1
            1
            1
            1
            1
            1
            1
            1
            2
            2
    0.000000    
    0.000000    
    0.000000    
    0.000000    
    150.0000    
  -0.6000000    
    70.00000    
    1.000000    
    80.00000    
    1.000000    
    100.0000    
   -1.000000    
    1300.000    
    1.000000    
    1500.000    
   -1.000000    
    0.000000    
    0.000000    
    10.00000    
    3600.000    
    12.00000    
           40
   0.3500000    
            0
    10.00000    
    0.000000    
    0.000000    
    1.500000    
    10.00000    
   9.9999998E-03
            0
            0
    0.000000    
    0.000000    
    0.000000    
    0.000000    
    0.000000    
    0.000000    
    0.000000    
            1
    0.000000    
            1
   1.0000000E-03
            1
   4.9999999E-06
   4.9999999E-06
    0.000000    
            0
            0
            0
            0
    0.000000    
    0.000000    
    0.000000    
    0.000000    
    0.000000    
            0
            0
    0.000000    
    0.000000    
            0
    100.0000    
            1
    1.000000    
            1
    0.000000    
   0.2000000    
            1
            0
           13
           13
            0
            0
            1
            0
            0
            0
   6.6666670E-02
            0
    70.00000    
    0.000000    
            0
    0.000000    
    0.000000    
    0.000000    
    0.000000    
    0.000000    
    0.000000    
    0.000000    
    0.000000    
    0.000000    
    0.000000    
    0.000000    
    0.000000    
    0.000000    
    0.000000    
    0.000000    
    0.000000    
    0.000000    
    0.000000    
    0.000000    
    0.000000    
    0.000000    
