   3.8000000e+01   1.7000000e+01   0.0000000e+00
   2.0045491e+00   1.2000000e+01   0.0000000e+00
   1.0912551e-02   1.6129032e+01  -2.5000000e+01
   1.1611332e-02   1.6129032e+01  -2.2000000e+01
   1.2255092e-02   1.6129032e+01  -1.9000000e+01
   1.2831077e-02   1.6129032e+01  -1.6000000e+01
   1.3327529e-02   1.6129032e+01  -1.3000000e+01
   1.3734066e-02   1.6129032e+01  -1.0000000e+01
   1.4042022e-02   1.6129032e+01  -7.0000000e+00
   1.4244740e-02   1.6129032e+01  -4.0000000e+00
   1.4337793e-02   1.6129032e+01  -1.0000000e+00
   1.4319137e-02   1.6129032e+01   2.0000000e+00
   1.4189182e-02   1.6129032e+01   5.0000000e+00
   1.3950779e-02   1.6129032e+01   8.0000000e+00
   1.3609118e-02   1.6129032e+01   1.1000000e+01
   1.3171555e-02   1.6129032e+01   1.4000000e+01
   1.2647363e-02   1.6129032e+01   1.7000000e+01
   1.2047423e-02   1.6129032e+01   2.0000000e+01
   1.1383867e-02   1.6129032e+01   2.3000000e+01
   1.2456542e-02   1.5625000e+01  -2.5000000e+01
   1.3396478e-02   1.5625000e+01  -2.2000000e+01
   1.4271079e-02   1.5625000e+01  -1.9000000e+01
   1.5060343e-02   1.5625000e+01  -1.6000000e+01
   1.5745545e-02   1.5625000e+01  -1.3000000e+01
   1.6309933e-02   1.5625000e+01  -1.0000000e+01
   1.6739386e-02   1.5625000e+01  -7.0000000e+00
   1.7022970e-02   1.5625000e+01  -4.0000000e+00
   1.7153374e-02   1.5625000e+01  -1.0000000e+00
   1.7127218e-02   1.5625000e+01   2.0000000e+00
   1.6945179e-02   1.5625000e+01   5.0000000e+00
   1.6611974e-02   1.5625000e+01   8.0000000e+00
   1.6136160e-02   1.5625000e+01   1.1000000e+01
   1.5529789e-02   1.5625000e+01   1.4000000e+01
   1.4807927e-02   1.5625000e+01   1.7000000e+01
   1.3988058e-02   1.5625000e+01   2.0000000e+01
   1.3089415e-02   1.5625000e+01   2.3000000e+01
   1.3735558e-02   1.5151515e+01  -2.5000000e+01
   1.4951825e-02   1.5151515e+01  -2.2000000e+01
   1.6096397e-02   1.5151515e+01  -1.9000000e+01
   1.7139381e-02   1.5151515e+01  -1.6000000e+01
   1.8052270e-02   1.5151515e+01  -1.3000000e+01
   1.8809194e-02   1.5151515e+01  -1.0000000e+01
   1.9388085e-02   1.5151515e+01  -7.0000000e+00
   1.9771707e-02   1.5151515e+01  -4.0000000e+00
   1.9948473e-02   1.5151515e+01  -1.0000000e+00
   1.9912999e-02   1.5151515e+01   2.0000000e+00
   1.9666369e-02   1.5151515e+01   5.0000000e+00
   1.9216076e-02   1.5151515e+01   8.0000000e+00
   1.8575668e-02   1.5151515e+01   1.1000000e+01
   1.7764093e-02   1.5151515e+01   1.4000000e+01
   1.6804809e-02   1.5151515e+01   1.7000000e+01
   1.5724701e-02   1.5151515e+01   2.0000000e+01
   1.4552876e-02   1.5151515e+01   2.3000000e+01
   1.4763700e-02   1.4705882e+01  -2.5000000e+01
   1.6292019e-02   1.4705882e+01  -2.2000000e+01
   1.7748690e-02   1.4705882e+01  -1.9000000e+01
   1.9090712e-02   1.4705882e+01  -1.6000000e+01
   2.0276210e-02   1.4705882e+01  -1.3000000e+01
   2.1266537e-02   1.4705882e+01  -1.0000000e+01
   2.2028289e-02   1.4705882e+01  -7.0000000e+00
   2.2535118e-02   1.4705882e+01  -4.0000000e+00
   2.2769191e-02   1.4705882e+01  -1.0000000e+00
   2.2722190e-02   1.4705882e+01   2.0000000e+00
   2.2395789e-02   1.4705882e+01   5.0000000e+00
   2.1801558e-02   1.4705882e+01   8.0000000e+00
   2.0960304e-02   1.4705882e+01   1.1000000e+01
   1.9900910e-02   1.4705882e+01   1.4000000e+01
   1.8658741e-02   1.4705882e+01   1.7000000e+01
   1.7273751e-02   1.4705882e+01   2.0000000e+01
   1.5788423e-02   1.4705882e+01   2.3000000e+01
   1.5630682e-02   1.4285714e+01  -2.5000000e+01
   1.7515796e-02   1.4285714e+01  -2.2000000e+01
   1.9338462e-02   1.4285714e+01  -1.9000000e+01
   2.1038512e-02   1.4285714e+01  -1.6000000e+01
   2.2555919e-02   1.4285714e+01  -1.3000000e+01
   2.3834201e-02   1.4285714e+01  -1.0000000e+01
   2.4823807e-02   1.4285714e+01  -7.0000000e+00
   2.5485214e-02   1.4285714e+01  -4.0000000e+00
   2.5791464e-02   1.4285714e+01  -1.0000000e+00
   2.5729930e-02   1.4285714e+01   2.0000000e+00
   2.5303158e-02   1.4285714e+01   5.0000000e+00
   2.4528690e-02   1.4285714e+01   8.0000000e+00
   2.3437913e-02   1.4285714e+01   1.1000000e+01
   2.2074008e-02   1.4285714e+01   1.4000000e+01
   2.0489198e-02   1.4285714e+01   1.7000000e+01
   1.8741530e-02   1.4285714e+01   2.0000000e+01
   1.6891450e-02   1.4285714e+01   2.3000000e+01
   1.6488167e-02   1.3888889e+01  -2.5000000e+01
   1.8797680e-02   1.3888889e+01  -2.2000000e+01
   2.1066828e-02   1.3888889e+01  -1.9000000e+01
   2.3212783e-02   1.3888889e+01  -1.6000000e+01
   2.5150554e-02   1.3888889e+01  -1.3000000e+01
   2.6798391e-02   1.3888889e+01  -1.0000000e+01
   2.8083349e-02   1.3888889e+01  -7.0000000e+00
   2.8946506e-02   1.3888889e+01  -4.0000000e+00
   2.9347325e-02   1.3888889e+01  -1.0000000e+00
   2.9266732e-02   1.3888889e+01   2.0000000e+00
   2.8708574e-02   1.3888889e+01   5.0000000e+00
   2.7699328e-02   1.3888889e+01   8.0000000e+00
   2.6286071e-02   1.3888889e+01   1.1000000e+01
   2.4532936e-02   1.3888889e+01   1.4000000e+01
   2.2516412e-02   1.3888889e+01   1.7000000e+01
   2.0319950e-02   1.3888889e+01   2.0000000e+01
   1.8028395e-02   1.3888889e+01   2.3000000e+01
   1.7495397e-02   1.3513514e+01  -2.5000000e+01
   2.0333613e-02   1.3513514e+01  -2.2000000e+01
   2.3172689e-02   1.3513514e+01  -1.9000000e+01
   2.5899407e-02   1.3513514e+01  -1.6000000e+01
   2.8393737e-02   1.3513514e+01  -1.3000000e+01
   3.0537278e-02   1.3513514e+01  -1.0000000e+01
   3.2222327e-02   1.3513514e+01  -7.0000000e+00
   3.3360645e-02   1.3513514e+01  -4.0000000e+00
   3.3890946e-02   1.3513514e+01  -1.0000000e+00
   3.3784232e-02   1.3513514e+01   2.0000000e+00
   3.3046361e-02   1.3513514e+01   5.0000000e+00
   3.1717524e-02   1.3513514e+01   8.0000000e+00
   2.9868709e-02   1.3513514e+01   1.1000000e+01
   2.7595556e-02   1.3513514e+01   1.4000000e+01
   2.5010342e-02   1.3513514e+01   1.7000000e+01
   2.2233008e-02   1.3513514e+01   2.0000000e+01
   1.9382196e-02   1.3513514e+01   2.3000000e+01
   1.8712851e-02   1.3157895e+01  -2.5000000e+01
   2.2219985e-02   1.3157895e+01  -2.2000000e+01
   2.5798956e-02   1.3157895e+01  -1.9000000e+01
   2.9295906e-02   1.3157895e+01  -1.6000000e+01
   3.2541359e-02   1.3157895e+01  -1.3000000e+01
   3.5363234e-02   1.3157895e+01  -1.0000000e+01
   3.7601558e-02   1.3157895e+01  -7.0000000e+00
   3.9123171e-02   1.3157895e+01  -4.0000000e+00
   3.9834583e-02   1.3157895e+01  -1.0000000e+00
   3.9691295e-02   1.3157895e+01   2.0000000e+00
   3.8702309e-02   1.3157895e+01   5.0000000e+00
   3.6929213e-02   1.3157895e+01   8.0000000e+00
   3.4479962e-02   1.3157895e+01   1.1000000e+01
   3.1498212e-02   1.3157895e+01   1.4000000e+01
   2.8149642e-02   1.3157895e+01   1.7000000e+01
   2.4607049e-02   1.3157895e+01   2.0000000e+01
   2.1036022e-02   1.3157895e+01   2.3000000e+01
   1.9956361e-02   1.2820513e+01  -2.5000000e+01
   2.4267882e-02   1.2820513e+01  -2.2000000e+01
   2.8766391e-02   1.2820513e+01  -1.9000000e+01
   3.3246541e-02   1.2820513e+01  -1.6000000e+01
   3.7471702e-02   1.2820513e+01  -1.3000000e+01
   4.1193494e-02   1.2820513e+01  -1.0000000e+01
   4.4175258e-02   1.2820513e+01  -7.0000000e+00
   4.6216458e-02   1.2820513e+01  -4.0000000e+00
   4.7174608e-02   1.2820513e+01  -1.0000000e+00
   4.6981431e-02   1.2820513e+01   2.0000000e+00
   4.5650763e-02   1.2820513e+01   5.0000000e+00
   4.3276943e-02   1.2820513e+01   8.0000000e+00
   4.0023947e-02   1.2820513e+01   1.1000000e+01
   3.6106984e-02   1.2820513e+01   1.4000000e+01
   3.1769353e-02   1.2820513e+01   1.7000000e+01
   2.7257985e-02   1.2820513e+01   2.0000000e+01
   2.2800989e-02   1.2820513e+01   2.3000000e+01
   2.0702742e-02   1.2500000e+01  -2.5000000e+01
   2.5848926e-02   1.2500000e+01  -2.2000000e+01
   3.1351807e-02   1.2500000e+01  -1.9000000e+01
   3.6949350e-02   1.2500000e+01  -1.6000000e+01
   4.2322895e-02   1.2500000e+01  -1.3000000e+01
   4.7124900e-02   1.2500000e+01  -1.0000000e+01
   5.1014862e-02   1.2500000e+01  -7.0000000e+00
   5.3698442e-02   1.2500000e+01  -4.0000000e+00
   5.4963699e-02   1.2500000e+01  -1.0000000e+00
   5.4708324e-02   1.2500000e+01   2.0000000e+00
   5.2953086e-02   1.2500000e+01   5.0000000e+00
   4.9839090e-02   1.2500000e+01   8.0000000e+00
   4.5609328e-02   1.2500000e+01   1.1000000e+01
   4.0577829e-02   1.2500000e+01   1.4000000e+01
   3.5091751e-02   1.2500000e+01   1.7000000e+01
   2.9492679e-02   1.2500000e+01   2.0000000e+01
   2.4082973e-02   1.2500000e+01   2.3000000e+01
   2.0255476e-02   1.2195122e+01  -2.5000000e+01
   2.6039148e-02   1.2195122e+01  -2.2000000e+01
   3.2393769e-02   1.2195122e+01  -1.9000000e+01
   3.9010447e-02   1.2195122e+01  -1.6000000e+01
   4.5488168e-02   1.2195122e+01  -1.3000000e+01
   5.1369698e-02   1.2195122e+01  -1.0000000e+01
   5.6192688e-02   1.2195122e+01  -7.0000000e+00
   5.9548466e-02   1.2195122e+01  -4.0000000e+00
   6.1138383e-02   1.2195122e+01  -1.0000000e+00
   6.0817088e-02   1.2195122e+01   2.0000000e+00
   5.8614149e-02   1.2195122e+01   5.0000000e+00
   5.4729625e-02   1.2195122e+01   8.0000000e+00
   4.9504500e-02   1.2195122e+01   1.1000000e+01
   4.3371944e-02   1.2195122e+01   1.4000000e+01
   3.6798947e-02   1.2195122e+01   1.7000000e+01
   3.0229048e-02   1.2195122e+01   2.0000000e+01
   2.4035650e-02   1.2195122e+01   2.3000000e+01
   1.9410399e-02   1.1904762e+01  -2.5000000e+01
   2.5348272e-02   1.1904762e+01  -2.2000000e+01
   3.1968371e-02   1.1904762e+01  -1.9000000e+01
   3.8948761e-02   1.1904762e+01  -1.6000000e+01
   4.5855162e-02   1.1904762e+01  -1.3000000e+01
   5.2179877e-02   1.1904762e+01  -1.0000000e+01
   5.7400525e-02   1.1904762e+01  -7.0000000e+00
   6.1049735e-02   1.1904762e+01  -4.0000000e+00
   6.2783222e-02   1.1904762e+01  -1.0000000e+00
   6.2432684e-02   1.1904762e+01   2.0000000e+00
   6.0032394e-02   1.1904762e+01   5.0000000e+00
   5.5813750e-02   1.1904762e+01   8.0000000e+00
   5.0168958e-02   1.1904762e+01   1.1000000e+01
   4.3591653e-02   1.1904762e+01   1.4000000e+01
   3.6606758e-02   1.1904762e+01   1.7000000e+01
   2.9703178e-02   1.1904762e+01   2.0000000e+01
   2.3280940e-02   1.1904762e+01   2.3000000e+01
   1.9729342e-02   1.1627907e+01  -2.5000000e+01
   2.5374903e-02   1.1627907e+01  -2.2000000e+01
   3.1580535e-02   1.1627907e+01  -1.9000000e+01
   3.8044551e-02   1.1627907e+01  -1.6000000e+01
   4.4374848e-02   1.1627907e+01  -1.3000000e+01
   5.0124020e-02   1.1627907e+01  -1.0000000e+01
   5.4839415e-02   1.1627907e+01  -7.0000000e+00
   5.8120788e-02   1.1627907e+01  -4.0000000e+00
   5.9675578e-02   1.1627907e+01  -1.0000000e+00
   5.9361375e-02   1.1627907e+01   2.0000000e+00
   5.7207151e-02   1.1627907e+01   5.0000000e+00
   5.3408906e-02   1.1627907e+01   8.0000000e+00
   4.8300653e-02   1.1627907e+01   1.1000000e+01
   4.2306585e-02   1.1627907e+01   1.4000000e+01
   3.5883824e-02   1.1627907e+01   1.7000000e+01
   2.9466282e-02   1.1627907e+01   2.0000000e+01
   2.3418947e-02   1.1627907e+01   2.3000000e+01
   1.9198040e-02   1.1363636e+01  -2.5000000e+01
   2.4346939e-02   1.1363636e+01  -2.2000000e+01
   2.9933158e-02   1.1363636e+01  -1.9000000e+01
   3.5686873e-02   1.1363636e+01  -1.6000000e+01
   4.1268570e-02   1.1363636e+01  -1.3000000e+01
   4.6299179e-02   1.1363636e+01  -1.0000000e+01
   5.0401018e-02   1.1363636e+01  -7.0000000e+00
   5.3243712e-02   1.1363636e+01  -4.0000000e+00
   5.4587486e-02   1.1363636e+01  -1.0000000e+00
   5.4316086e-02   1.1363636e+01   2.0000000e+00
   5.2453139e-02   1.1363636e+01   5.0000000e+00
   4.9158806e-02   1.1363636e+01   8.0000000e+00
   4.4707382e-02   1.1363636e+01   1.1000000e+01
   3.9450117e-02   1.1363636e+01   1.4000000e+01
   3.3770156e-02   1.1363636e+01   1.7000000e+01
   2.8037498e-02   1.1363636e+01   2.0000000e+01
   2.2571119e-02   1.1363636e+01   2.3000000e+01
   1.8140319e-02   1.1111111e+01  -2.5000000e+01
   2.2708841e-02   1.1111111e+01  -2.2000000e+01
   2.7605913e-02   1.1111111e+01  -1.9000000e+01
   3.2597665e-02   1.1111111e+01  -1.6000000e+01
   3.7398095e-02   1.1111111e+01  -1.3000000e+01
   4.1694063e-02   1.1111111e+01  -1.0000000e+01
   4.5177910e-02   1.1111111e+01  -7.0000000e+00
   4.7583162e-02   1.1111111e+01  -4.0000000e+00
   4.8717689e-02   1.1111111e+01  -1.0000000e+00
   4.8488675e-02   1.1111111e+01   2.0000000e+00
   4.6914965e-02   1.1111111e+01   5.0000000e+00
   4.4124548e-02   1.1111111e+01   8.0000000e+00
   4.0337620e-02   1.1111111e+01   1.1000000e+01
   3.5838315e-02   1.1111111e+01   1.4000000e+01
   3.0940044e-02   1.1111111e+01   1.7000000e+01
   2.5950225e-02   1.1111111e+01   2.0000000e+01
   2.1139789e-02   1.1111111e+01   2.3000000e+01
   1.6915109e-02   1.0869565e+01  -2.5000000e+01
   2.0922295e-02   1.0869565e+01  -2.2000000e+01
   2.5169945e-02   1.0869565e+01  -1.9000000e+01
   2.9458276e-02   1.0869565e+01  -1.6000000e+01
   3.3549066e-02   1.0869565e+01  -1.3000000e+01
   3.7186071e-02   1.0869565e+01  -1.0000000e+01
   4.0120733e-02   1.0869565e+01  -7.0000000e+00
   4.2139716e-02   1.0869565e+01  -4.0000000e+00
   4.3090135e-02   1.0869565e+01  -1.0000000e+00
   4.2898381e-02   1.0869565e+01   2.0000000e+00
   4.1579387e-02   1.0869565e+01   5.0000000e+00
   3.9234740e-02   1.0869565e+01   8.0000000e+00
   3.6039961e-02   1.0869565e+01   1.1000000e+01
   3.2223131e-02   1.0869565e+01   1.4000000e+01
   2.8038422e-02   1.0869565e+01   1.7000000e+01
   2.3738726e-02   1.0869565e+01   2.0000000e+01
   1.9551382e-02   1.0869565e+01   2.3000000e+01
   1.5783837e-02   1.0638298e+01  -2.5000000e+01
   1.9306955e-02   1.0638298e+01  -2.2000000e+01
   2.3003016e-02   1.0638298e+01  -1.9000000e+01
   2.6701356e-02   1.0638298e+01  -1.6000000e+01
   3.0203015e-02   1.0638298e+01  -1.3000000e+01
   3.3297400e-02   1.0638298e+01  -1.0000000e+01
   3.5782615e-02   1.0638298e+01  -7.0000000e+00
   3.7486826e-02   1.0638298e+01  -4.0000000e+00
   3.8287577e-02   1.0638298e+01  -1.0000000e+00
   3.8126095e-02   1.0638298e+01   2.0000000e+00
   3.7014293e-02   1.0638298e+01   5.0000000e+00
   3.5033348e-02   1.0638298e+01   8.0000000e+00
   3.2324069e-02   1.0638298e+01   1.1000000e+01
   2.9070622e-02   1.0638298e+01   1.4000000e+01
   2.5480185e-02   1.0638298e+01   1.7000000e+01
   2.1761599e-02   1.0638298e+01   2.0000000e+01
   1.8106002e-02   1.0638298e+01   2.3000000e+01
   1.4875089e-02   1.0416667e+01  -2.5000000e+01
   1.8008369e-02   1.0416667e+01  -2.2000000e+01
   2.1264004e-02   1.0416667e+01  -1.9000000e+01
   2.4494792e-02   1.0416667e+01  -1.6000000e+01
   2.7532573e-02   1.0416667e+01  -1.3000000e+01
   3.0201946e-02   1.0416667e+01  -1.0000000e+01
   3.2336560e-02   1.0416667e+01  -7.0000000e+00
   3.3795927e-02   1.0416667e+01  -4.0000000e+00
   3.4480452e-02   1.0416667e+01  -1.0000000e+00
   3.4342468e-02   1.0416667e+01   2.0000000e+00
   3.3391631e-02   1.0416667e+01   5.0000000e+00
   3.1693821e-02   1.0416667e+01   8.0000000e+00
   2.9363731e-02   1.0416667e+01   1.1000000e+01
   2.6552275e-02   1.0416667e+01   1.4000000e+01
   2.3430709e-02   1.0416667e+01   1.7000000e+01
   2.0173740e-02   1.0416667e+01   2.0000000e+01
   1.6943893e-02   1.0416667e+01   2.3000000e+01
   1.4213244e-02   1.0204082e+01  -2.5000000e+01
   1.7042653e-02   1.0204082e+01  -2.2000000e+01
   1.9956383e-02   1.0204082e+01  -1.9000000e+01
   2.2825708e-02   1.0204082e+01  -1.6000000e+01
   2.5506234e-02   1.0204082e+01  -1.3000000e+01
   2.7849367e-02   1.0204082e+01  -1.0000000e+01
   2.9715572e-02   1.0204082e+01  -7.0000000e+00
   3.0987852e-02   1.0204082e+01  -4.0000000e+00
   3.1583664e-02   1.0204082e+01  -1.0000000e+00
   3.1463611e-02   1.0204082e+01   2.0000000e+00
   3.0635667e-02   1.0204082e+01   5.0000000e+00
   2.9154323e-02   1.0204082e+01   8.0000000e+00
   2.7114762e-02   1.0204082e+01   1.1000000e+01
   2.4642930e-02   1.0204082e+01   1.4000000e+01
   2.1882906e-02   1.0204082e+01   1.7000000e+01
   1.8983299e-02   1.0204082e+01   2.0000000e+01
   1.6084423e-02   1.0204082e+01   2.3000000e+01
   1.3763372e-02   1.0000000e+01  -2.5000000e+01
   1.6356318e-02   1.0000000e+01  -2.2000000e+01
   1.9004402e-02   1.0000000e+01  -1.9000000e+01
   2.1593503e-02   1.0000000e+01  -1.6000000e+01
   2.3997728e-02   1.0000000e+01  -1.3000000e+01
   2.6089106e-02   1.0000000e+01  -1.0000000e+01
   2.7748568e-02   1.0000000e+01  -7.0000000e+00
   2.8876942e-02   1.0000000e+01  -4.0000000e+00
   2.9404573e-02   1.0000000e+01  -1.0000000e+00
   2.9298297e-02   1.0000000e+01   2.0000000e+00
   2.8564825e-02   1.0000000e+01   5.0000000e+00
   2.7250051e-02   1.0000000e+01   8.0000000e+00
   2.5434398e-02   1.0000000e+01   1.1000000e+01
   2.3224836e-02   1.0000000e+01   1.4000000e+01
   2.0744650e-02   1.0000000e+01   1.7000000e+01
   1.8122300e-02   1.0000000e+01   2.0000000e+01
   1.5480737e-02   1.0000000e+01   2.3000000e+01
   1.3467606e-02   9.8039216e+00  -2.5000000e+01
   1.5871955e-02   9.8039216e+00  -2.2000000e+01
   1.8308440e-02   9.8039216e+00  -1.9000000e+01
   2.0674787e-02   9.8039216e+00  -1.6000000e+01
   2.2859863e-02   9.8039216e+00  -1.3000000e+01
   2.4751976e-02   9.8039216e+00  -1.0000000e+01
   2.6248089e-02   9.8039216e+00  -7.0000000e+00
   2.7262909e-02   9.8039216e+00  -4.0000000e+00
   2.7736780e-02   9.8039216e+00  -1.0000000e+00
   2.7641366e-02   9.8039216e+00   2.0000000e+00
   2.6982396e-02   9.8039216e+00   5.0000000e+00
   2.5799109e-02   9.8039216e+00   8.0000000e+00
   2.4160464e-02   9.8039216e+00   1.1000000e+01
   2.2158628e-02   9.8039216e+00   1.4000000e+01
   1.9900561e-02   9.8039216e+00   1.7000000e+01
   1.7498767e-02   9.8039216e+00   2.0000000e+01
   1.5062276e-02   9.8039216e+00   2.3000000e+01
   1.3267875e-02   9.6153846e+00  -2.5000000e+01
   1.5515326e-02   9.6153846e+00  -2.2000000e+01
   1.7776364e-02   9.6153846e+00  -1.9000000e+01
   1.9958650e-02   9.6153846e+00  -1.6000000e+01
   2.1963228e-02   9.6153846e+00  -1.3000000e+01
   2.3691682e-02   9.6153846e+00  -1.0000000e+01
   2.5053935e-02   9.6153846e+00  -7.0000000e+00
   2.5975852e-02   9.6153846e+00  -4.0000000e+00
   2.6405781e-02   9.6153846e+00  -1.0000000e+00
   2.6319243e-02   9.6153846e+00   2.0000000e+00
   2.5721185e-02   9.6153846e+00   5.0000000e+00
   2.4645523e-02   9.6153846e+00   8.0000000e+00
   2.3152029e-02   9.6153846e+00   1.1000000e+01
   2.1320951e-02   9.6153846e+00   1.4000000e+01
   1.9246018e-02   9.6153846e+00   1.7000000e+01
   1.7026676e-02   9.6153846e+00   2.0000000e+01
   1.4760418e-02   9.6153846e+00   2.3000000e+01
   1.3117280e-02   9.4339623e+00  -2.5000000e+01
   1.5228001e-02   9.4339623e+00  -2.2000000e+01
   1.7337136e-02   9.4339623e+00  -1.9000000e+01
   1.9360962e-02   9.4339623e+00  -1.6000000e+01
   2.1210895e-02   9.4339623e+00  -1.3000000e+01
   2.2799680e-02   9.4339623e+00  -1.0000000e+01
   2.4048039e-02   9.4339623e+00  -7.0000000e+00
   2.4891077e-02   9.4339623e+00  -4.0000000e+00
   2.5283743e-02   9.4339623e+00  -1.0000000e+00
   2.5204729e-02   9.4339623e+00   2.0000000e+00
   2.4658340e-02   9.4339623e+00   5.0000000e+00
   2.3674112e-02   9.4339623e+00   8.0000000e+00
   2.2304232e-02   9.4339623e+00   1.1000000e+01
   2.0619058e-02   9.4339623e+00   1.4000000e+01
   1.8701265e-02   9.4339623e+00   1.7000000e+01
   1.6639280e-02   9.4339623e+00   2.0000000e+01
   1.4520716e-02   9.4339623e+00   2.3000000e+01
   1.2983519e-02   9.2592593e+00  -2.5000000e+01
   1.4970389e-02   9.2592593e+00  -2.2000000e+01
   1.6943206e-02   9.2592593e+00  -1.9000000e+01
   1.8825912e-02   9.2592593e+00  -1.6000000e+01
   2.0538970e-02   9.2592593e+00  -1.3000000e+01
   2.2004739e-02   9.2592593e+00  -1.0000000e+01
   2.3153155e-02   9.2592593e+00  -7.0000000e+00
   2.3927152e-02   9.2592593e+00  -4.0000000e+00
   2.4287250e-02   9.2592593e+00  -1.0000000e+00
   2.4214810e-02   9.2592593e+00   2.0000000e+00
   2.3713596e-02   9.2592593e+00   5.0000000e+00
   2.2809456e-02   9.2592593e+00   8.0000000e+00
   2.1548169e-02   9.2592593e+00   1.1000000e+01
   1.9991694e-02   9.2592593e+00   1.4000000e+01
   1.8213250e-02   9.2592593e+00   1.7000000e+01
   1.6291737e-02   9.2592593e+00   2.0000000e+01
   1.4306099e-02   9.2592593e+00   2.3000000e+01
   1.2847524e-02   9.0909091e+00  -2.5000000e+01
   1.4719308e-02   9.0909091e+00  -2.2000000e+01
   1.6566827e-02   9.0909091e+00  -1.9000000e+01
   1.8320952e-02   9.0909091e+00  -1.6000000e+01
   1.9910164e-02   9.0909091e+00  -1.3000000e+01
   2.1265231e-02   9.0909091e+00  -1.0000000e+01
   2.2324074e-02   9.0909091e+00  -7.0000000e+00
   2.3036366e-02   9.0909091e+00  -4.0000000e+00
   2.3367402e-02   9.0909091e+00  -1.0000000e+00
   2.3300827e-02   9.0909091e+00   2.0000000e+00
   2.2839940e-02   9.0909091e+00   5.0000000e+00
   2.2007435e-02   9.0909091e+00   8.0000000e+00
   2.0843590e-02   9.0909091e+00   1.1000000e+01
   1.9403125e-02   9.0909091e+00   1.4000000e+01
   1.7751036e-02   9.0909091e+00   1.7000000e+01
   1.5957859e-02   9.0909091e+00   2.0000000e+01
   1.4094813e-02   9.0909091e+00   2.3000000e+01
   1.2699989e-02   8.9285714e+00  -2.5000000e+01
   1.4463372e-02   8.9285714e+00  -2.2000000e+01
   1.6194204e-02   8.9285714e+00  -1.9000000e+01
   1.7829661e-02   8.9285714e+00  -1.6000000e+01
   1.9305392e-02   8.9285714e+00  -1.3000000e+01
   2.0559586e-02   8.9285714e+00  -1.0000000e+01
   2.1537147e-02   8.9285714e+00  -7.0000000e+00
   2.2193606e-02   8.9285714e+00  -4.0000000e+00
   2.2498388e-02   8.9285714e+00  -1.0000000e+00
   2.2437108e-02   8.9285714e+00   2.0000000e+00
   2.2012667e-02   8.9285714e+00   5.0000000e+00
   2.1245033e-02   8.9285714e+00   8.0000000e+00
   2.0169720e-02   8.9285714e+00   1.1000000e+01
   1.8835143e-02   8.9285714e+00   1.4000000e+01
   1.7299090e-02   8.9285714e+00   1.7000000e+01
   1.5624686e-02   8.9285714e+00   2.0000000e+01
   1.3876208e-02   8.9285714e+00   2.3000000e+01
   1.2537727e-02   8.7719298e+00  -2.5000000e+01
   1.4198449e-02   8.7719298e+00  -2.2000000e+01
   1.5819988e-02   8.7719298e+00  -1.9000000e+01
   1.7345270e-02   8.7719298e+00  -1.6000000e+01
   1.8716376e-02   8.7719298e+00  -1.3000000e+01
   1.9878073e-02   8.7719298e+00  -1.0000000e+01
   2.0781404e-02   8.7719298e+00  -7.0000000e+00
   2.1387015e-02   8.7719298e+00  -4.0000000e+00
   2.1667924e-02   8.7719298e+00  -1.0000000e+00
   2.1611457e-02   8.7719298e+00   2.0000000e+00
   2.1220170e-02   8.7719298e+00   5.0000000e+00
   2.0511661e-02   8.7719298e+00   8.0000000e+00
   1.9517298e-02   8.7719298e+00   1.1000000e+01
   1.8279976e-02   8.7719298e+00   1.4000000e+01
   1.6851134e-02   8.7719298e+00   1.7000000e+01
   1.5287302e-02   8.7719298e+00   2.0000000e+01
   1.3646498e-02   8.7719298e+00   2.3000000e+01
   1.2360841e-02   8.6206897e+00  -2.5000000e+01
   1.3924244e-02   8.6206897e+00  -2.2000000e+01
   1.5443247e-02   8.6206897e+00  -1.9000000e+01
   1.6866023e-02   8.6206897e+00  -1.6000000e+01
   1.8140429e-02   8.6206897e+00  -1.3000000e+01
   1.9217078e-02   8.6206897e+00  -1.0000000e+01
   2.0052419e-02   8.6206897e+00  -7.0000000e+00
   2.0611579e-02   8.6206897e+00  -4.0000000e+00
   2.0870712e-02   8.6206897e+00  -1.0000000e+00
   2.0818634e-02   8.6206897e+00   2.0000000e+00
   2.0457599e-02   8.6206897e+00   5.0000000e+00
   1.9803144e-02   8.6206897e+00   8.0000000e+00
   1.8883010e-02   8.6206897e+00   1.1000000e+01
   1.7735252e-02   8.6206897e+00   1.4000000e+01
   1.6405701e-02   8.6206897e+00   1.7000000e+01
   1.4945010e-02   8.6206897e+00   2.0000000e+01
   1.3405549e-02   8.6206897e+00   2.3000000e+01
   1.2170921e-02   8.4745763e+00  -2.5000000e+01
   1.3642160e-02   8.4745763e+00  -2.2000000e+01
   1.5064991e-02   8.4745763e+00  -1.9000000e+01
   1.6392369e-02   8.4745763e+00  -1.6000000e+01
   1.7577339e-02   8.4745763e+00  -1.3000000e+01
   1.8575708e-02   8.4745763e+00  -1.0000000e+01
   1.9348695e-02   8.4745763e+00  -7.0000000e+00
   1.9865362e-02   8.4745763e+00  -4.0000000e+00
   2.0104602e-02   8.4745763e+00  -1.0000000e+00
   2.0056532e-02   8.4745763e+00   2.0000000e+00
   1.9723143e-02   8.4745763e+00   5.0000000e+00
   1.9118171e-02   8.4745763e+00   8.0000000e+00
   1.8266185e-02   8.4745763e+00   1.1000000e+01
   1.7200987e-02   8.4745763e+00   1.4000000e+01
   1.5963445e-02   8.4745763e+00   1.7000000e+01
   1.4598974e-02   8.4745763e+00   2.0000000e+01
   1.3154849e-02   8.4745763e+00   2.3000000e+01
   1.1970052e-02   8.3333333e+00  -2.5000000e+01
   1.3354157e-02   8.3333333e+00  -2.2000000e+01
   1.4686874e-02   8.3333333e+00  -1.9000000e+01
   1.5925506e-02   8.3333333e+00  -1.6000000e+01
   1.7027756e-02   8.3333333e+00  -1.3000000e+01
   1.7954051e-02   8.3333333e+00  -1.0000000e+01
   1.8669822e-02   8.3333333e+00  -7.0000000e+00
   1.9147587e-02   8.3333333e+00  -4.0000000e+00
   1.9368640e-02   8.3333333e+00  -1.0000000e+00
   1.9324233e-02   8.3333333e+00   2.0000000e+00
   1.9016128e-02   8.3333333e+00   5.0000000e+00
   1.8456486e-02   8.3333333e+00   8.0000000e+00
   1.7667097e-02   8.3333333e+00   1.1000000e+01
   1.6678017e-02   8.3333333e+00   1.4000000e+01
   1.5525727e-02   8.3333333e+00   1.7000000e+01
   1.4250967e-02   8.3333333e+00   2.0000000e+01
   1.2896422e-02   8.3333333e+00   2.3000000e+01
   1.1760357e-02   8.1967213e+00  -2.5000000e+01
   1.3062229e-02   8.1967213e+00  -2.2000000e+01
   1.4310598e-02   8.1967213e+00  -1.9000000e+01
   1.5466718e-02   8.1967213e+00  -1.6000000e+01
   1.6492474e-02   8.1967213e+00  -1.3000000e+01
   1.7352400e-02   8.1967213e+00  -1.0000000e+01
   1.8015653e-02   8.1967213e+00  -7.0000000e+00
   1.8457788e-02   8.1967213e+00  -4.0000000e+00
   1.8662204e-02   8.1967213e+00  -1.0000000e+00
   1.8621147e-02   8.1967213e+00   2.0000000e+00
   1.8336178e-02   8.1967213e+00   5.0000000e+00
   1.7818080e-02   8.1967213e+00   8.0000000e+00
   1.7086203e-02   8.1967213e+00   1.1000000e+01
   1.6167306e-02   8.1967213e+00   1.4000000e+01
   1.5093982e-02   8.1967213e+00   1.7000000e+01
   1.3902805e-02   8.1967213e+00   2.0000000e+01
   1.2632322e-02   8.1967213e+00   2.3000000e+01
   1.1543805e-02   8.0645161e+00  -2.5000000e+01
   1.2768191e-02   8.0645161e+00  -2.2000000e+01
   1.3937688e-02   8.0645161e+00  -1.9000000e+01
   1.5017133e-02   8.0645161e+00  -1.6000000e+01
   1.5972163e-02   8.0645161e+00  -1.3000000e+01
   1.6770969e-02   8.0645161e+00  -1.0000000e+01
   1.7386000e-02   8.0645161e+00  -7.0000000e+00
   1.7795486e-02   8.0645161e+00  -4.0000000e+00
   1.7984674e-02   8.0645161e+00  -1.0000000e+00
   1.7946682e-02   8.0645161e+00   2.0000000e+00
   1.7682895e-02   8.0645161e+00   5.0000000e+00
   1.7202887e-02   8.0645161e+00   8.0000000e+00
   1.6523865e-02   8.0645161e+00   1.1000000e+01
   1.5669679e-02   8.0645161e+00   1.4000000e+01
   1.4669481e-02   8.0645161e+00   1.7000000e+01
   1.3556125e-02   8.0645161e+00   2.0000000e+01
   1.2364435e-02   8.0645161e+00   2.3000000e+01
   1.1322155e-02   7.9365079e+00  -2.5000000e+01
   1.2473628e-02   7.9365079e+00  -2.2000000e+01
   1.3569434e-02   7.9365079e+00  -1.9000000e+01
   1.4577657e-02   7.9365079e+00  -1.6000000e+01
   1.5467299e-02   7.9365079e+00  -1.3000000e+01
   1.6209807e-02   7.9365079e+00  -1.0000000e+01
   1.6780543e-02   7.9365079e+00  -7.0000000e+00
   1.7160098e-02   7.9365079e+00  -4.0000000e+00
   1.7335342e-02   7.9365079e+00  -1.0000000e+00
   1.7300156e-02   7.9365079e+00   2.0000000e+00
   1.7055771e-02   7.9365079e+00   5.0000000e+00
   1.6610702e-02   7.9365079e+00   8.0000000e+00
   1.5980269e-02   7.9365079e+00   1.1000000e+01
   1.5185757e-02   7.9365079e+00   1.4000000e+01
   1.4253263e-02   7.9365079e+00   1.7000000e+01
   1.3212325e-02   7.9365079e+00   2.0000000e+01
   1.2094416e-02   7.9365079e+00   2.3000000e+01
   1.1096952e-02   7.8125000e+00  -2.5000000e+01
   1.2179893e-02   7.8125000e+00  -2.2000000e+01
   1.3206892e-02   7.8125000e+00  -1.9000000e+01
   1.4148975e-02   7.8125000e+00  -1.6000000e+01
   1.4978162e-02   7.8125000e+00  -1.3000000e+01
   1.5668800e-02   7.8125000e+00  -1.0000000e+01
   1.6198834e-02   7.8125000e+00  -7.0000000e+00
   1.6550933e-02   7.8125000e+00  -4.0000000e+00
   1.6713399e-02   7.8125000e+00  -1.0000000e+00
   1.6680783e-02   7.8125000e+00   2.0000000e+00
   1.6454183e-02   7.8125000e+00   5.0000000e+00
   1.6041179e-02   7.8125000e+00   8.0000000e+00
   1.5455430e-02   7.8125000e+00   1.1000000e+01
   1.4715956e-02   7.8125000e+00   1.4000000e+01
   1.3846145e-02   7.8125000e+00   1.7000000e+01
   1.2872571e-02   7.8125000e+00   2.0000000e+01
   1.1823694e-02   7.8125000e+00   2.3000000e+01
   1.0869538e-02   7.6923077e+00  -2.5000000e+01
   1.1888126e-02   7.6923077e+00  -2.2000000e+01
   1.2850911e-02   7.6923077e+00  -1.9000000e+01
   1.3731582e-02   7.6923077e+00  -1.6000000e+01
   1.4504867e-02   7.6923077e+00  -1.3000000e+01
   1.5147699e-02   7.6923077e+00  -1.0000000e+01
   1.5640311e-02   7.6923077e+00  -7.0000000e+00
   1.5967211e-02   7.6923077e+00  -4.0000000e+00
   1.6117960e-02   7.6923077e+00  -1.0000000e+00
   1.6087701e-02   7.6923077e+00   2.0000000e+00
   1.5877412e-02   7.6923077e+00   5.0000000e+00
   1.5493852e-02   7.6923077e+00   8.0000000e+00
   1.4949216e-02   7.6923077e+00   1.1000000e+01
   1.4260519e-02   7.6923077e+00   1.4000000e+01
   1.3448743e-02   7.6923077e+00   1.7000000e+01
   1.2537817e-02   7.6923077e+00   2.0000000e+01
   1.1553490e-02   7.6923077e+00   2.3000000e+01
   1.0641075e-02   7.5757576e+00  -2.5000000e+01
   1.1599277e-02   7.5757576e+00  -2.2000000e+01
   1.2502155e-02   7.5757576e+00  -1.9000000e+01
   1.3325807e-02   7.5757576e+00  -1.6000000e+01
   1.4047391e-02   7.5757576e+00  -1.3000000e+01
   1.4646144e-02   7.5757576e+00  -1.0000000e+01
   1.5104331e-02   7.5757576e+00  -7.0000000e+00
   1.5408088e-02   7.5757576e+00  -4.0000000e+00
   1.5548086e-02   7.5757576e+00  -1.0000000e+00
   1.5519989e-02   7.5757576e+00   2.0000000e+00
   1.5324670e-02   7.5757576e+00   5.0000000e+00
   1.4968164e-02   7.5757576e+00   8.0000000e+00
   1.4461374e-02   7.5757576e+00   1.1000000e+01
   1.3819539e-02   7.5757576e+00   1.4000000e+01
   1.3061502e-02   7.5757576e+00   1.7000000e+01
   1.2208831e-02   7.5757576e+00   2.0000000e+01
   1.1284832e-02   7.5757576e+00   2.3000000e+01
   1.0412561e-02   7.4626866e+00  -2.5000000e+01
   1.1314136e-02   7.4626866e+00  -2.2000000e+01
   1.2161138e-02   7.4626866e+00  -1.9000000e+01
   1.2931844e-02   7.4626866e+00  -1.6000000e+01
   1.3605597e-02   7.4626866e+00  -1.3000000e+01
   1.4163689e-02   7.4626866e+00  -1.0000000e+01
   1.4590191e-02   7.4626866e+00  -7.0000000e+00
   1.4872678e-02   7.4626866e+00  -4.0000000e+00
   1.5002803e-02   7.4626866e+00  -1.0000000e+00
   1.4976691e-02   7.4626866e+00   2.0000000e+00
   1.4795122e-02   7.4626866e+00   5.0000000e+00
   1.4463491e-02   7.4626866e+00   8.0000000e+00
   1.3991558e-02   7.4626866e+00   1.1000000e+01
   1.3392990e-02   7.4626866e+00   1.4000000e+01
   1.2684726e-02   7.4626866e+00   1.7000000e+01
   1.1886222e-02   7.4626866e+00   2.0000000e+01
   1.1018588e-02   7.4626866e+00   2.3000000e+01
   1.0184851e-02   7.3529412e+00  -2.5000000e+01
   1.1033345e-02   7.3529412e+00  -2.2000000e+01
   1.1828238e-02   7.3529412e+00  -1.9000000e+01
   1.2549776e-02   7.3529412e+00  -1.6000000e+01
   1.3179263e-02   7.3529412e+00  -1.3000000e+01
   1.3699827e-02   7.3529412e+00  -1.0000000e+01
   1.4097146e-02   7.3529412e+00  -7.0000000e+00
   1.4360071e-02   7.3529412e+00  -4.0000000e+00
   1.4481124e-02   7.3529412e+00  -1.0000000e+00
   1.4456835e-02   7.3529412e+00   2.0000000e+00
   1.4287904e-02   7.3529412e+00   5.0000000e+00
   1.3979160e-02   7.3529412e+00   8.0000000e+00
   1.3539352e-02   7.3529412e+00   1.1000000e+01
   1.2980749e-02   7.3529412e+00   1.4000000e+01
   1.2318598e-02   7.3529412e+00   1.7000000e+01
   1.1570463e-02   7.3529412e+00   2.0000000e+01
   1.0755479e-02   7.3529412e+00   2.3000000e+01
