  0.0000000e+000
  9.7737000e+000
  1.9547400e+001
  2.9321100e+001
  3.9094800e+001
  4.8868500e+001
  5.8642200e+001
  6.8415900e+001
  7.8189600e+001
  8.7963300e+001
  9.7737000e+001
  1.0751070e+002
  1.1728440e+002
  1.2705810e+002
  1.3683180e+002
  1.4660550e+002
  1.5637920e+002
  1.6615290e+002
  1.7592660e+002
  1.8570030e+002
  1.9547400e+002
  2.0524770e+002
  2.1502140e+002
  2.2479510e+002
  2.3456880e+002
  2.4434250e+002
  2.5411620e+002
  2.6388990e+002
  2.7366360e+002
  2.8343730e+002
  2.9321100e+002
  3.0298470e+002
  3.1275840e+002
  3.2253210e+002
  3.3230580e+002
  3.4207950e+002
  3.5185320e+002
  3.6162690e+002
  3.7140060e+002
  3.8117430e+002
  3.9094800e+002
  4.0072170e+002
  4.1049540e+002
  4.2026910e+002
  4.3004280e+002
  4.3981650e+002
  4.4959020e+002
  4.5936390e+002
  4.6913760e+002
  4.7891130e+002
  4.8868500e+002
  4.9845870e+002
  5.0823240e+002
  5.1800610e+002
  5.2777980e+002
  5.3755350e+002
  5.4732720e+002
  5.5710090e+002
  5.6687460e+002
  5.7664830e+002
  5.8642200e+002
  5.9619570e+002
  6.0596940e+002
  6.1574310e+002
  6.2551680e+002
  6.3529050e+002
  6.4506420e+002
  6.5483790e+002
  6.6461160e+002
  6.7438530e+002
  6.8415900e+002
  6.9393270e+002
  7.0370640e+002
  7.1348010e+002
  7.2325380e+002
  7.3302750e+002
  7.4280120e+002
  7.5257490e+002
  7.6234860e+002
  7.7212230e+002
  7.8189600e+002
  7.9166970e+002
  8.0144340e+002
  8.1121710e+002
  8.2099080e+002
  8.3076450e+002
  8.4053820e+002
  8.5031190e+002
  8.6008560e+002
  8.6985930e+002
  8.7963300e+002
  8.8940670e+002
  8.9918040e+002
  9.0895410e+002
  9.1872780e+002
  9.2850150e+002
  9.3827520e+002
  9.4804890e+002
  9.5782260e+002
  9.6759630e+002
  9.7737000e+002
  9.8714370e+002
  9.9691740e+002
  1.0066911e+003
  1.0164648e+003
  1.0262385e+003
  1.0360122e+003
  1.0457859e+003
  1.0555596e+003
  1.0653333e+003
  1.0751070e+003
  1.0848807e+003
  1.0946544e+003
  1.1044281e+003
  1.1142018e+003
  1.1239755e+003
  1.1337492e+003
  1.1435229e+003
  1.1532966e+003
  1.1630703e+003
  1.1728440e+003
  1.1826177e+003
  1.1923914e+003
  1.2021651e+003
  1.2119388e+003
  1.2217125e+003
  1.2314862e+003
  1.2412599e+003
  1.2510336e+003
  1.2608073e+003
  1.2705810e+003
  1.2803547e+003
  1.2901284e+003
  1.2999021e+003
  1.3096758e+003
  1.3194495e+003
  1.3292232e+003
  1.3389969e+003
  1.3487706e+003
  1.3585443e+003
  1.3683180e+003
  1.3780917e+003
  1.3878654e+003
  1.3976391e+003
  1.4074128e+003
  1.4171865e+003
  1.4269602e+003
  1.4367339e+003
  1.4465076e+003
  1.4562813e+003
  1.4660550e+003
  1.4758287e+003
  1.4856024e+003
  1.4953761e+003
  1.5051498e+003
  1.5149235e+003
  1.5246972e+003
  1.5344709e+003
  1.5442446e+003
  1.5540183e+003
  1.5637920e+003
  1.5735657e+003
  1.5833394e+003
  1.5931131e+003
  1.6028868e+003
  1.6126605e+003
  1.6224342e+003
  1.6322079e+003
  1.6419816e+003
  1.6517553e+003
  1.6615290e+003
  1.6713027e+003
  1.6810764e+003
  1.6908501e+003
  1.7006238e+003
  1.7103975e+003
  1.7201712e+003
  1.7299449e+003
  1.7397186e+003
  1.7494923e+003
  1.7592660e+003
  1.7690397e+003
  1.7788134e+003
  1.7885871e+003
  1.7983608e+003
  1.8081345e+003
  1.8179082e+003
  1.8276819e+003
  1.8374556e+003
  1.8472293e+003
  1.8570030e+003
  1.8667767e+003
  1.8765504e+003
  1.8863241e+003
  1.8960978e+003
  1.9058715e+003
  1.9156452e+003
  1.9254189e+003
  1.9351926e+003
  1.9449663e+003
  1.9547400e+003
  1.9645137e+003
  1.9742874e+003
  1.9840611e+003
  1.9938348e+003
  2.0036085e+003
  2.0133822e+003
  2.0231559e+003
  2.0329296e+003
  2.0427033e+003
  2.0524770e+003
  2.0622507e+003
  2.0720244e+003
  2.0817981e+003
  2.0915718e+003
  2.1013455e+003
  2.1111192e+003
  2.1208929e+003
  2.1306666e+003
  2.1404403e+003
  2.1502140e+003
  2.1599877e+003
  2.1697614e+003
  2.1795351e+003
  2.1893088e+003
  2.1990825e+003
  2.2088562e+003
  2.2186299e+003
  2.2284036e+003
  2.2381773e+003
  2.2479510e+003
  2.2577247e+003
  2.2674984e+003
  2.2772721e+003
  2.2870458e+003
  2.2968195e+003
  2.3065932e+003
  2.3163669e+003
  2.3261406e+003
  2.3359143e+003
  2.3456880e+003
  2.3554617e+003
  2.3652354e+003
  2.3750091e+003
  2.3847828e+003
  2.3945565e+003
  2.4043302e+003
  2.4141039e+003
  2.4238776e+003
  2.4336513e+003
  2.4434250e+003
  2.4531987e+003
  2.4629724e+003
  2.4727461e+003
  2.4825198e+003
  2.4922935e+003
  2.5020672e+003
  2.5118409e+003
  2.5216146e+003
  2.5313883e+003
  2.5411620e+003
  2.5509357e+003
  2.5607094e+003
  2.5704831e+003
  2.5802568e+003
  2.5900305e+003
  2.5998042e+003
  2.6095779e+003
  2.6193516e+003
  2.6291253e+003
  2.6388990e+003
  2.6486727e+003
  2.6584464e+003
  2.6682201e+003
  2.6779938e+003
  2.6877675e+003
  2.6975412e+003
  2.7073149e+003
  2.7170886e+003
  2.7268623e+003
  2.7366360e+003
  2.7464097e+003
  2.7561834e+003
  2.7659571e+003
  2.7757308e+003
  2.7855045e+003
  2.7952782e+003
  2.8050519e+003
  2.8148256e+003
  2.8245993e+003
  2.8343730e+003
  2.8441467e+003
  2.8539204e+003
  2.8636941e+003
  2.8734678e+003
  2.8832415e+003
  2.8930152e+003
