  0.0000000e+000
  1.0295800e+001
  2.0591600e+001
  3.0887400e+001
  4.1183200e+001
  5.1479000e+001
  6.1774800e+001
  7.2070600e+001
  8.2366400e+001
  9.2662200e+001
  1.0295800e+002
  1.1325380e+002
  1.2354960e+002
  1.3384540e+002
  1.4414120e+002
  1.5443700e+002
  1.6473280e+002
  1.7502860e+002
  1.8532440e+002
  1.9562020e+002
  2.0591600e+002
  2.1621180e+002
  2.2650760e+002
  2.3680340e+002
  2.4709920e+002
  2.5739500e+002
  2.6769080e+002
  2.7798660e+002
  2.8828240e+002
  2.9857820e+002
  3.0887400e+002
  3.1916980e+002
  3.2946560e+002
  3.3976140e+002
  3.5005720e+002
  3.6035300e+002
  3.7064880e+002
  3.8094460e+002
  3.9124040e+002
  4.0153620e+002
  4.1183200e+002
  4.2212780e+002
  4.3242360e+002
  4.4271940e+002
  4.5301520e+002
  4.6331100e+002
  4.7360680e+002
  4.8390260e+002
  4.9419840e+002
  5.0449420e+002
  5.1479000e+002
  5.2508580e+002
  5.3538160e+002
  5.4567740e+002
  5.5597320e+002
  5.6626900e+002
  5.7656480e+002
  5.8686060e+002
  5.9715640e+002
  6.0745220e+002
  6.1774800e+002
  6.2804380e+002
  6.3833960e+002
  6.4863540e+002
  6.5893120e+002
  6.6922700e+002
  6.7952280e+002
  6.8981860e+002
  7.0011440e+002
  7.1041020e+002
  7.2070600e+002
  7.3100180e+002
  7.4129760e+002
  7.5159340e+002
  7.6188920e+002
  7.7218500e+002
  7.8248080e+002
  7.9277660e+002
  8.0307240e+002
  8.1336820e+002
  8.2366400e+002
  8.3395980e+002
  8.4425560e+002
  8.5455140e+002
  8.6484720e+002
  8.7514300e+002
  8.8543880e+002
  8.9573460e+002
  9.0603040e+002
  9.1632620e+002
  9.2662200e+002
  9.3691780e+002
  9.4721360e+002
  9.5750940e+002
  9.6780520e+002
  9.7810100e+002
  9.8839680e+002
  9.9869260e+002
  1.0089884e+003
  1.0192842e+003
  1.0295800e+003
  1.0398758e+003
  1.0501716e+003
  1.0604674e+003
  1.0707632e+003
  1.0810590e+003
  1.0913548e+003
  1.1016506e+003
  1.1119464e+003
  1.1222422e+003
  1.1325380e+003
  1.1428338e+003
  1.1531296e+003
  1.1634254e+003
  1.1737212e+003
  1.1840170e+003
  1.1943128e+003
  1.2046086e+003
  1.2149044e+003
  1.2252002e+003
  1.2354960e+003
  1.2457918e+003
  1.2560876e+003
  1.2663834e+003
  1.2766792e+003
  1.2869750e+003
  1.2972708e+003
  1.3075666e+003
  1.3178624e+003
  1.3281582e+003
  1.3384540e+003
  1.3487498e+003
  1.3590456e+003
  1.3693414e+003
  1.3796372e+003
  1.3899330e+003
  1.4002288e+003
  1.4105246e+003
  1.4208204e+003
  1.4311162e+003
  1.4414120e+003
  1.4517078e+003
  1.4620036e+003
  1.4722994e+003
  1.4825952e+003
  1.4928910e+003
  1.5031868e+003
  1.5134826e+003
  1.5237784e+003
  1.5340742e+003
  1.5443700e+003
  1.5546658e+003
  1.5649616e+003
  1.5752574e+003
  1.5855532e+003
  1.5958490e+003
  1.6061448e+003
  1.6164406e+003
  1.6267364e+003
  1.6370322e+003
  1.6473280e+003
  1.6576238e+003
  1.6679196e+003
  1.6782154e+003
  1.6885112e+003
  1.6988070e+003
  1.7091028e+003
  1.7193986e+003
  1.7296944e+003
  1.7399902e+003
  1.7502860e+003
  1.7605818e+003
  1.7708776e+003
  1.7811734e+003
  1.7914692e+003
  1.8017650e+003
  1.8120608e+003
  1.8223566e+003
  1.8326524e+003
  1.8429482e+003
  1.8532440e+003
  1.8635398e+003
  1.8738356e+003
  1.8841314e+003
  1.8944272e+003
  1.9047230e+003
  1.9150188e+003
  1.9253146e+003
  1.9356104e+003
  1.9459062e+003
  1.9562020e+003
  1.9664978e+003
  1.9767936e+003
  1.9870894e+003
  1.9973852e+003
  2.0076810e+003
  2.0179768e+003
  2.0282726e+003
  2.0385684e+003
  2.0488642e+003
  2.0591600e+003
  2.0694558e+003
  2.0797516e+003
  2.0900474e+003
  2.1003432e+003
  2.1106390e+003
  2.1209348e+003
  2.1312306e+003
  2.1415264e+003
  2.1518222e+003
  2.1621180e+003
  2.1724138e+003
  2.1827096e+003
  2.1930054e+003
  2.2033012e+003
  2.2135970e+003
  2.2238928e+003
  2.2341886e+003
  2.2444844e+003
  2.2547802e+003
  2.2650760e+003
  2.2753718e+003
  2.2856676e+003
  2.2959634e+003
  2.3062592e+003
  2.3165550e+003
  2.3268508e+003
  2.3371466e+003
  2.3474424e+003
  2.3577382e+003
  2.3680340e+003
  2.3783298e+003
  2.3886256e+003
  2.3989214e+003
  2.4092172e+003
  2.4195130e+003
  2.4298088e+003
  2.4401046e+003
  2.4504004e+003
  2.4606962e+003
  2.4709920e+003
  2.4812878e+003
  2.4915836e+003
  2.5018794e+003
  2.5121752e+003
  2.5224710e+003
  2.5327668e+003
  2.5430626e+003
  2.5533584e+003
  2.5636542e+003
  2.5739500e+003
  2.5842458e+003
  2.5945416e+003
  2.6048374e+003
  2.6151332e+003
  2.6254290e+003
  2.6357248e+003
  2.6460206e+003
  2.6563164e+003
  2.6666122e+003
  2.6769080e+003
  2.6872038e+003
  2.6974996e+003
  2.7077954e+003
  2.7180912e+003
  2.7283870e+003
  2.7386828e+003
  2.7489786e+003
  2.7592744e+003
  2.7695702e+003
  2.7798660e+003
  2.7901618e+003
  2.8004576e+003
  2.8107534e+003
  2.8210492e+003
  2.8313450e+003
  2.8416408e+003
  2.8519366e+003
  2.8622324e+003
  2.8725282e+003
  2.8828240e+003
  2.8931198e+003
  2.9034156e+003
  2.9137114e+003
  2.9240072e+003
  2.9343030e+003
  2.9445988e+003
  2.9548946e+003
  2.9651904e+003
  2.9754862e+003
  2.9857820e+003
  2.9960778e+003
  3.0063736e+003
  3.0166694e+003
  3.0269652e+003
  3.0372610e+003
  3.0475568e+003
  3.0578526e+003
